-0.0375 -1.5549 -1.0354 0.4989 0.3442 -2.3559 0.2403 -0.9399 1.5864 0.7938 1.2448 0.5507 -0.7725 1.0421 0.9414 -2.5233 
-2.3738 -1.8660 0.4785 -1.3333 0.4734 -0.7384 -1.1054 -1.3445 -1.0321 2.8940 1.1580 1.2987 0.8532 0.1877 0.0730 0.1546 
1.2524 -0.1330 2.1992 -0.1185 0.5343 0.8245 -0.9977 -0.7517 -0.0369 -3.5268 -1.6753 -0.0002 1.0609 -3.5731 0.9282 -0.1185 
-1.5666 1.5217 2.4899 1.6195 1.1479 -1.0705 2.6937 -2.7176 0.2969 1.4132 -1.6986 -3.4679 -0.8662 0.0933 1.0566 -1.8046 
1.5022 2.9511 0.3801 0.8803 -0.0888 -0.8715 0.3635 -1.5840 0.0691 -2.2225 -0.7937 -0.8305 0.7851 -0.2951 2.5421 -1.8659 
-0.7267 -3.3106 -0.1892 0.9936 1.6414 -1.2281 0.5961 -0.1553 -0.6785 1.6875 1.1813 -1.4800 -1.2762 1.7457 -0.1122 2.1889 
3.2656 -0.0643 -0.1475 0.7097 -0.7444 1.5224 1.0671 0.4344 3.1395 -2.9408 3.0108 -2.0133 -3.0532 0.3508 1.2697 -0.7788 
-0.5965 0.6792 -0.1008 0.1501 0.9343 1.6375 0.1615 1.8755 -3.3313 0.5889 -2.6837 0.1611 2.8805 -0.9964 -1.9834 2.6689 
-0.4018 -1.6136 -0.5883 0.2049 1.3840 -3.5370 2.0396 0.8864 -0.9896 -0.4811 0.3755 3.3494 1.3728 -1.2323 -2.2997 -1.8537 
-1.1583 0.5711 -1.1127 -1.2583 -1.1511 0.7281 0.7636 0.6204 0.2691 2.0898 -0.3602 -2.0589 -0.5389 0.7941 -0.9834 0.4008 
0.5559 -1.0966 -1.5259 -1.1888 -1.0558 0.5749 -2.0000 1.4918 1.9067 1.3518 -0.1068 1.7942 0.3631 0.4240 0.5032 -0.2985 
-0.0382 0.6394 0.9423 -2.6192 -1.6383 1.6830 -2.0743 0.8231 -2.6126 -1.4238 2.8740 0.8849 1.2139 1.9620 -0.8755 1.8076 
0.9202 -1.0428 0.2763 2.2411 2.5020 0.4674 -0.4097 -0.7545 -0.3293 -1.7415 -0.4458 1.0027 0.2446 -1.5782 0.8186 0.0794 
1.4132 -0.6397 1.0013 1.6057 2.1767 2.7954 -1.8999 0.2377 1.1619 0.9638 0.7691 -2.5490 -2.3003 0.7459 2.3635 0.5144 
-0.6338 1.6225 0.0196 -1.2726 -1.4839 -1.3259 3.0453 -1.8580 -0.0974 0.5393 -2.8041 -3.0332 1.2372 -1.3809 -1.3963 -1.0637 
1.1977 -0.3716 0.1343 0.0453 0.0619 1.6080 -0.0329 1.9538 0.6231 -2.3964 -0.7578 0.4791 0.3339 -1.7536 -0.5316 0.4502 
