-2.6313 -3.1628 -2.3166 -2.0469 -3.4126 -2.6944 1.2575 1.1033 -2.4418 2.0959 0.7701 -1.3662 -1.8855 0.6928 -2.1726 1.6582 
-0.2671 1.0067 -0.5841 0.8160 -1.7277 1.8701 -3.4050 -0.0289 0.8171 -2.5166 -2.8814 -4.4173 3.0224 2.0632 -2.2219 -1.7472 
-0.1906 -0.0713 -2.0305 -5.6582 -2.8529 0.7540 -4.4331 3.0632 1.1466 -0.8127 1.4431 0.1408 -0.2124 -3.1676 -1.1906 -0.9216 
-3.4585 1.0712 -0.4486 3.4004 -2.1668 -0.6276 -3.2476 1.0741 -3.9780 1.0430 -4.0280 1.0009 -1.8825 -0.3216 2.0335 -1.4734 
0.1656 -2.5381 -3.6255 -1.5109 3.3120 -2.6366 1.8584 -1.5428 1.3421 -1.4755 -2.3962 2.7331 -1.8168 -3.8175 -1.5293 -2.0040 
0.6759 -1.4963 -2.5719 2.6703 0.1868 -0.0425 2.3726 -3.7934 -5.4998 -0.6388 0.1910 -3.9466 -0.8551 1.7168 -1.2575 -2.6886 
1.2729 -0.0898 -1.2055 -2.3222 -4.9521 2.8298 2.3449 -4.7817 0.3503 -0.8557 -0.6346 -0.7224 -2.4075 -0.4802 -4.4511 -1.2403 
-1.9979 0.4092 3.4945 -2.4010 2.5176 -2.0566 -2.2081 -1.1097 -3.4811 -3.6845 -0.4486 1.5729 1.0703 0.5097 -3.6531 0.4478 
1.3297 1.9927 -1.8232 0.9651 0.3776 -4.5033 -4.5111 -3.1151 1.7266 -1.0120 1.9757 -2.8617 -2.8725 -3.8000 1.0576 -2.8658 
-1.9485 -3.7886 1.9294 -0.3710 0.5478 -1.7969 1.0490 -0.6744 1.0467 -1.6109 -2.3683 -4.3816 0.4322 -4.4362 3.0545 1.3226 
